[ 0 0 0 0 0 0 0 0 0 0 0 0 0 0 0 0 0 0 ]
[ 0 0 0 1 0 1 1 0 0 1 1 0 0 1 1 1 0 0 ]
[ 0 0 0 0 0 0 0 0 0 0 1 0 1 0 0 1 0 0 ]
[ 0 0 0 0 1 1 0 1 1 1 0 0 1 0 1 0 0 0 ]
[ 0 0 0 0 1 0 0 0 1 1 1 1 1 1 1 1 0 0 ]
[ 0 1 1 1 0 0 0 1 0 1 0 0 0 1 0 1 1 0 ]
[ 0 1 0 1 0 1 0 0 0 0 1 1 1 0 0 0 0 0 ]
[ 1 0 1 1 0 0 0 1 0 1 0 0 0 1 0 0 0 0 ]
[ 0 1 0 0 0 1 1 0 1 0 1 1 1 1 0 1 1 0 ]
[ 1 1 0 0 1 1 0 1 1 1 0 1 1 1 0 0 0 0 ]
[ 0 0 0 0 0 0 0 0 0 0 0 0 0 0 0 0 0 0 ]
[ 1 0 1 1 0 1 1 0 0 0 1 1 1 0 0 1 0 0 ]
[ 0 0 1 0 0 0 1 0 0 0 0 1 0 1 1 0 1 0 ]
[ 0 0 1 1 0 1 1 0 0 1 0 0 1 1 1 0 0 0 ]
[ 0 0 0 0 0 0 0 0 0 0 0 0 0 0 0 0 0 0 ]
[ 0 0 0 1 0 1 0 0 0 1 0 0 1 0 0 0 0 0 ]
[ 1 0 1 0 0 0 0 0 0 0 0 0 1 0 1 0 0 0 ]
[ 0 0 1 1 0 0 0 1 0 0 1 1 1 0 1 0 0 0 ]
Lista sasiedztwa dla partycji 0:
 0 - 4
 0 - 39
 0 - 54
 0 - 72
 0 - 91
 1 - 4
 1 - 47
 1 - 71
 1 - 79
 1 - 101
 4 - 0
 4 - 1
 4 - 75
 7 - 50
 7 - 75
 16 - 72
 19 - 91
 20 - 54
 21 - 91
 23 - 50
 23 - 75
 25 - 91
 33 - 54
 39 - 0
 39 - 45
 41 - 72
 44 - 91
 45 - 39
 47 - 1
 50 - 7
 50 - 23
 50 - 91
 54 - 0
 54 - 20
 54 - 33
 54 - 74
 54 - 92
 71 - 1
 72 - 0
 72 - 16
 72 - 41
 72 - 100
 74 - 54
 75 - 4
 75 - 7
 75 - 23
 79 - 1
 91 - 0
 91 - 19
 91 - 21
 91 - 25
 91 - 44
 91 - 50
 92 - 54
 100 - 72
 101 - 1
Lista sasiedztwa dla partycji 1:
 2 - 76
 8 - 28
 8 - 34
 9 - 14
 9 - 28
 13 - 18
 14 - 9
 14 - 32
 14 - 78
 14 - 103
 18 - 13
 18 - 70
 22 - 89
 28 - 8
 28 - 9
 32 - 14
 34 - 8
 40 - 64
 40 - 90
 64 - 40
 65 - 78
 68 - 80
 69 - 89
 70 - 18
 70 - 90
 76 - 2
 76 - 78
 78 - 14
 78 - 65
 78 - 76
 78 - 86
 78 - 90
 80 - 68
 86 - 78
 89 - 22
 89 - 69
 90 - 40
 90 - 70
 90 - 78
 103 - 14
Lista sasiedztwa dla partycji 2:
 6 - 93
 6 - 98
 10 - 57
 11 - 17
 11 - 24
 12 - 98
 17 - 11
 24 - 11
 24 - 53
 26 - 37
 26 - 62
 31 - 52
 31 - 94
 37 - 26
 37 - 52
 37 - 61
 37 - 99
 42 - 48
 42 - 97
 48 - 42
 52 - 31
 52 - 37
 53 - 24
 57 - 10
 59 - 96
 61 - 37
 62 - 26
 63 - 66
 63 - 98
 66 - 63
 73 - 84
 83 - 98
 84 - 73
 93 - 6
 93 - 94
 94 - 31
 94 - 93
 96 - 59
 97 - 42
 98 - 6
 98 - 12
 98 - 63
 98 - 83
 99 - 37
Lista sasiedztwa dla partycji 3:
 5 - 49
 15 - 82
 27 - 77
 29 - 51
 36 - 95
 38 - 43
 38 - 49
 38 - 88
 43 - 38
 46 - 55
 46 - 81
 49 - 5
 49 - 38
 51 - 29
 55 - 46
 55 - 58
 56 - 60
 58 - 55
 60 - 56
 67 - 104
 77 - 27
 81 - 46
 82 - 15
 85 - 102
 87 - 95
 88 - 38
 95 - 36
 95 - 87
 102 - 85
 104 - 67
